1.642879
-0.898261
-2.189663
-2.037263
-0.218823
1.366205
1.197067
0.903932
-0.027127
0.785526
2.31668
-0.335469
-2.321866
-1.201059
-0.477117
-0.388528
-0.268115
0.141084
-1.73891
-1.667782
-1.041899
0.258033
0.96062
0.458773
-0.519555
0.840772
3.569205
2.229904
-0.168342
-0.748886
-1.507037
-0.607076
1.421498
1.85852
0.075141
-0.16215
2.126784
2.327335
1.720039
-0.686096
-1.496213
1.428374
2.582288
0.828969
0.853048
1.747287
3.05101
3.470724
1.714952
-0.114337
-1.773105
-1.174947
1.732271
2.272874
0.972241
-0.725738
-1.848559
-1.152459
2.145524
3.480615
-0.818889
-3.041607
-2.973792
-3.149893
-4.252159
-2.975157
-1.056529
0.186221
-2.424362
-3.226764
-1.310261
0.217833
1.711725
2.527187
2.894104
0.847692
-0.995491
0.05361
1.59314
1.112507
-1.044063
-2.056467
-1.034275
-0.190375
0.888997
2.984114
3.457954
-0.390935
-2.523843
-1.687526
1.927442
2.759461
1.9183
1.048382
1.085848
1.465449
0.42942
0.008049
0.728136
1.243937
-0.090046
-2.827682
-2.96113
-1.402775
-1.008907
0.606417
1.532138
0.159135
-0.940636
-1.334614
-0.967577
1.121849
2.616516
3.050487
1.229424
-1.403385
-3.252535
-2.689454
-0.428334
1.061974
0.407189
-0.012247
-0.465214
0.090865
1.004276
-1.440014
-3.073861
-1.33332
0.213756
1.424708
0.656055
2.312476
2.849253
1.109248
-0.490664
1.133305
1.125734
0.045773
-1.56865
-1.067394
0.432434
2.414691
2.931568
0.333517
-2.979076
-2.394549
-0.200348
-0.793729
-2.009522
-1.909784
-1.744242
-0.073951
-0.754648
-0.931679
-2.537597
-1.598375
1.074286
1.601116
-0.916621
-1.465417
-1.654071
-2.484096
-2.078054
-1.038585
-1.147946
0.989862
2.10793
-0.318671
-2.265645
-3.073385
-2.008398
-0.035569
1.086725
-0.468658
-1.744367
-2.191509
-0.814773
2.354792
3.090764
1.905735
-1.325425
-3.634682
-2.458647
-1.751592
-1.414976
1.500162
2.481332
1.366619
1.850901
1.44372
1.370096
0.871324
0.845957
-0.634647
-2.042541
-1.216489
0.905042
1.892479
0.67795
0.096774
-1.610434
-3.006028
-0.024018
4.275275
4.138877
2.128836
2.845899
2.294949
0.527876
-0.773806
-0.63107
-0.484157
0.18731
1.58232
1.63562
0.824145
-0.236081
-1.135222
-1.302619
-2.159585
-1.717984
-2.251688
-0.205317
1.636527
1.285913
-0.042358
-0.284957
-0.133475
-2.568734
-2.890516
-0.358327
1.890116
0.51201
-2.425307
-4.457239
-2.073099
1.509458
1.281706
0.73928
0.640391
2.92623
2.59109
-0.77087
-1.307461
-1.000119
1.48855
3.203537
2.476965
1.490852
0.069683
0.349462
1.46837
2.301073
0.10842
-2.821436
-2.06919
-0.416631
-0.73635
0.335621
0.800452
-0.815772
-1.503754
-1.862259
-0.089432
2.528433
2.397335
1.004486
2.505378
2.387122
-1.307223
0.149075
2.026192
1.121312
-0.090852
-0.188159
0.037702
1.144989
2.527185
2.365168
1.246822
0.569085
0.800458
1.039707
0.629796
-0.228159
-0.833217
-0.637144
-0.832963
0.379094
0.947329
-0.425656
-2.660801
-1.194675
0.441728
-0.429821
-0.165038
-1.038542
-3.324821
-1.929919
1.100851
1.801943
0.616317
-1.780325
-0.561668
1.898684
1.495068
1.919441
0.143237
-0.590408
0.289528
1.39847
0.214777
1.205187
1.741658
2.756808
2.136253
-1.114636
-1.483493
-0.475087
-0.960084
-0.717599
1.163705
1.699206
1.024976
-1.229465
-1.708629
-0.114097
2.276937
3.337029
-0.902695
-1.595614
-1.756953
-0.598778
1.655562
1.412368
-0.995973
-2.18456
-2.756249
-2.743229
-2.809133
-0.613854
0.853075
1.427417
1.540286
-0.349441
-0.873713
1.017274
2.58324
0.525599
-2.125921
-0.954465
2.168919
3.611256
2.04643
-0.384933
-1.452423
0.447616
1.961608
1.54537
0.400562
0.24428
0.954138
1.93662
0.613105
1.271118
0.702515
0.35488
0.512585
-0.703629
-0.705298
0.677398
1.554711
0.816902
0.428284
0.594013
0.851616
-0.053406
-1.324586
-0.714099
2.446771
5.530084
3.145007
-0.070983
-2.304974
-3.30822
0.241618
4.345971
3.377754
0.661674
-2.501746
-1.92652
0.920904
0.613037
-0.09818
0.090914
0.730563
1.036104
1.372972
0.9907
-0.310515
-2.447582
-2.09977
2.089597
2.680773
-0.074445
-1.840093
-2.297313
-1.638262
-0.618565
0.509225
0.235352
1.306793
1.089275
-0.730473
0.77037
1.329648
-2.106694
-3.358267
-0.980702
-2.182036
-2.755529
-1.430317
-0.755986
-0.261289
0.257553
-0.03336
-0.214788
1.226395
0.640663
1.065604
0.681962
-0.889397
-2.443921
-1.670195
-1.532367
-1.505712
0.335954
2.801322
3.273401
0.517163
-1.310376
0.118408
0.075971
0.023409
-0.611731
-1.676274
-2.11951
-1.288514
1.185117
3.177313
1.203346
-2.294802
-3.11466
-0.96551
3.312493
2.659574
0.210521
0.679657
-0.363455
-1.044046
-1.201067
-0.471017
1.269105
2.233461
0.507672
-2.124967
-3.085862
-3.205299
0.290555
3.135086
3.280341
0.723909
-1.086114
-1.911246
-2.454979
-0.230415
0.295087
0.182025
0.307139
1.053066
1.048092
1.041026
2.087773
0.994306
-0.43663
2.526396
5.313265
4.754745
2.62745
-1.372178
-3.024553
-2.663387
-1.328337
0.608051
1.675247
0.217459
-0.431764
-0.028819
-1.148499
-1.249771
